3	2.1250722E7
3	1.6561183E7
3	2.049366E7
2	1.2108178E7
2	6930431.0
2	3.1533483E7
2	5257768.0
2	4.7490938E7
2	2.1541164E7
2	2.0475437E7
1	3.8701392E7
1	2.8358933E7
1	8461168.0
1	1.8447507E7
1	2.8401224E7
1	3.9657799E7
1	2.5167271E7
1	1.2633212E7
1	2.5296006E7
1	1.4965131E7
1	1.4155152E7
1	3.3166661E7
1	4.8105087E7
1	3.8512434E7
1	4.2064761E7
1	3.3299638E7
1	1.0482577E7
1	3.2964064E7
1	4.1820041E7
1	3.3779762E7
1	4.6575247E7
1	2.9717147E7
1	2.5198904E7
1	1.0093238E7
1	4.1159712E7
1	1.8112798E7
1	3.8122413E7
1	2.9774898E7
1	3.2476695E7
1	2.6619531E7
1	1.5003071E7
1	4.940132E7
1	7.7433832E7
1	2.8460439E7
1	2.2991641E7
1	3.0267955E7
1	2.9961502E7
1	1.0792404E7
1	4.8363051E7
1	9.355891E7
1	3.2336915E7
1	2.2840717E7
1	7.5601493E7
1	2.1923609E7
1	3.2022342E7
1	2.8531519E7
1	5.0885562E7
1	3.3855884E7
1	2.6923896E7
1	3.6868023E7
1	3.7466526E7
1	2.5669538E7
1	3.6564187E7
1	1.03991419E8
1	5.1070577E7
1	2.2039123E7
1	1.8051917E7
1	1.7570388E7
1	1.9377542E7
1	2.3022708E7
1	2.8145783E7
1	5.9214774E7
1	7.106831E7
2	4.3875535E7
1	4.1601351E7
1	1.4850336E7
1	2.2142657E7
1	1.34330619E8
1	5.0504307E7
1	2.7232465E7
1	1.2890601E7
1	1.805448E7
1	1.8601415E7
1	3.6029859E7
1	2.2328835E7
1	4.870061E7
1	2.0104663E7
1	5.0986446E7
1	2.7267839E7
1	1.4563705E7
2	1.4055266E7
2	8182452.0
2	6502928.0
2	4072819.0
1	4241086.0
1	8598422.0
1	1.6185006E7
1	2.661685E7
1	2.9976033E7
2	7.0814343E7
1	3.883079E7
1	3.6544934E7
1	4.3296363E7
1	4.2609762E7
1	3.2822745E7
1	7.5489865E7
1	4.1656981E7
1	4.9684423E7
1	3.5808629E7
1	4.9716816E7
1	1.7807708E7
1	2.3808286E7
1	3.8771841E7
1	8.0208449E7
1	5.5822529E7
1	2.028723E7
1	2.6323562E7
1	1.4759985E7
1	3.6450109E7
1	6.7259575E7
1	5.0888468E7
1	5.737595E7
1	3.3377309E7
1	9.7662024E7
1	2.3865307E7
1	3.0519678E7
1	2.37955005E8
1	6.4596913E7
1	3.842206E7
1	3.9534732E7
1	1.24106307E8
1	3.6733104E7
1	4.8481839E7
1	6.909417E7
2	7.5656414E7
2	1.04660075E8
2	8.5700589E7
2	4.4129861E7
2	6.261442E7
2	4.5938489E7
2	9.4427782E7
2	4.7990602E7
2	5.608775E7
2	1.18123549E8
1	4.2947137E7
1	2.8994052E7
2	5.7943382E7
2	7.4040394E7
2	1.67619964E8
2	5.7779508E7
2	5.8319586E7
2	4.345653E7
2	5.8697397E7
2	5.9786618E7
2	1.81458812E8
2	9.6712045E7
2	1.02384322E8
2	6.9146648E7
2	5.5634193E7
2	7.0946815E7
2	3.9666888E7
2	5.8079956E7
2	6.4157045E7
2	1.38677071E8
2	3.780274E7
2	5.1626995E7
2	6.089404E7
2	1.26617857E8
2	7.6785117E7
2	6.2804752E7
2	4.4534059E7
2	9.7470048E7
2	3.9915508E7
2	4.3066009E7
2	7.0446218E7
2	7.0138872E7
2	1.89794936E8
2	2.07488097E8
3	8.6180958E7
3	7.1581657E7
3	8.2079222E7
3	8.030884E7
3	1.21679259E8
3	1.15229028E8
3	9.3419831E7
3	1.45093807E8
3	1.43850914E8
3	4.9062116E7
3	6.1986069E7
3	1.98531158E8
3	2.31240835E8
3	7.3458333E7
3	1.15504758E8
3	8.1263442E7
3	1.47087308E8
3	7.0170242E7
3	1.40961565E8
3	1.36709487E8
3	6.4750474E7
3	1.06140501E8
3	8.8624595E7
3	8.9497089E7
3	4.5738067E7
3	6.6330226E7
3	1.05334037E8
3	1.16679482E8
3	1.02994484E8
3	1.44614549E8
3	1.25183326E8
3	1.01475502E8
3	1.96149985E8
3	2.02335691E8
3	1.02260088E8
3	4.4901628E7
3	2.0914075E7
3	1.4043513E7
3	2.0359506E7
3	2.2041714E7
3	1.4062302E7
3	2.1148444E7
3	3.0213062E7
3	1.33973411E8
3	4.0691777E7
3	5.1108036E7
3	1.2544776E8
3	2.45808059E8
3	1.82145168E8
3	1.11451545E8
3	1.33959311E8
3	5.0504975E7
3	6.1936172E7
3	1.01445973E8
3	8.1848295E7
3	4.5373979E7
3	1.02087332E8
3	5.2081757E7
3	9.7883214E7
3	7.0825865E7
3	2.03203164E8
3	1.34346664E8
3	2.02317738E8
3	1.41301002E8
3	8.6054744E7
3	1.03652657E8
2	9.0720059E7
2	1.39970256E8
2	2.06653555E8
2	9.1287267E7
2	2.40492858E8
2	9.5021643E7
2	5.4611908E7
2	6.8363391E7
2	1.46463415E8
2	1.94534475E8
2	1.32571107E8
2	1.02654466E8
2	7.7247724E7
2	6.2427388E7
2	7.1014819E7
2	7.0763233E7
2	1.49391004E8
2	7.6164526E7
2	1.59168755E8
2	8.1707625E7
2	1.04204913E8
2	6.1783931E7
2	1.21357732E8
2	9.4883459E7
2	1.18271061E8
2	1.06411792E8
2	6.9697401E7
2	5.4547795E7
2	6.4340475E7
2	1.54073551E8
2	1.46539591E8
2	1.41024158E8
2	1.65866758E8
2	6.2838487E7
2	6.8763348E7
2	3.6688261E7
2	6.4582752E7
2	1.04834487E8
2	1.50308931E8
2	1.64835943E8
2	7.1143892E7
2	6.3462337E7
2	9.588844E7
2	1.10231602E8
2	1.66536898E8
2	1.5384489E8
2	1.59555287E8
2	7.3108437E7
2	1.46828058E8
2	7.1649902E7
2	1.09912061E8
2	9.4938709E7
2	1.01574511E8
2	1.41918866E8
2	8.3493221E7
2	5.6777731E7
2	6.1671443E7
2	1.25000679E8
2	1.2752109E8
2	7.9931074E7
2	5.8404844E7
2	3.3113882E7
2	5.4073496E7
2	8.8981143E7
2	1.02948704E8
2	8.1567892E7
2	1.64553784E8
2	1.56177372E8
2	1.27662531E8
2	7.9585779E7
1	5.514843E7
1	9.5909491E7
1	9.1142159E7
1	1.00837254E8
1	9.3964517E7
1	7.2479256E7
1	5.040569E7
1	5.1132867E7
1	7.1313677E7
1	2.43711613E8
1	1.30386891E8
1	1.67436704E8
1	1.14513174E8
1	5.7666965E7
1	6.7087564E7
1	1.45189089E8
1	9.5780761E7
1	7.8926517E7
1	1.35204257E8
1	9.5966704E7
1	5.2834335E7
1	5.5046557E7
1	4.8900709E7
1	8.3629149E7
1	7.1225908E7
1	1.28566594E8
1	1.11954129E8
1	7.0098919E7
1	1.85513854E8
1	1.45389158E8
1	1.04890851E8
1	1.1493025E8
1	1.1221038E8
1	5.1040378E7
1	5.9184032E7
1	4.1933752E7
1	1.20664648E8
1	8.7121582E7
1	1.3165209E8
1	1.77935245E8
1	7.1879168E7
1	5.5976436E7
1	4.1425751E7
1	8.014756E7
1	7.8189756E7
1	7.946489E7
1	9.3994567E7
1	1.22909502E8
1	5.6997812E7
1	4.1574314E7
1	7.6383658E7
1	8.4648368E7
1	1.24686586E8
1	1.17330905E8
1	4.7444497E7
1	6.342936E7
1	5.8678071E7
1	6.6462026E7
1	6.1280454E7
1	1.00407528E8
1	7.6920429E7
1	4.9110187E7
1	7.5425505E7
1	6.617674E7
1	8.8262667E7
1	1.1602344E8
1	1.70324655E8
1	7.386228E7
1	6.2723841E7
1	1.08711944E8
1	5.8331429E7
1	1.88430013E8
1	9.0700778E7
1	1.1491759E8
1	1.06071922E8
1	6.3336575E7
1	5.418627E7
1	8.0780644E7
1	2.14062345E8
1	8.5325202E7
1	6.4808558E7
1	5.6346135E7
1	1.35715324E8
1	7.8478704E7
1	6.2120575E7
1	1.20904646E8
1	1.64705556E8
1	1.27641624E8
1	6.1837508E7
1	5.4035416E7
1	4.4663092E7
1	7.6427498E7
1	1.02021228E8
1	1.01592768E8
1	9.9082207E7
1	1.13303891E8
1	8.3330178E7
1	5.5705873E7
1	4.2442478E7
1	8.4557465E7
1	1.08645683E8
1	1.34420983E8
1	8.5818188E7
1	9.7266695E7
1	4.2797254E7
1	4.3143686E7
1	9.2282025E7
1	1.24460527E8
1	1.02372488E8
1	5.6734596E7
1	8.7236719E7
1	8.4798329E7
1	1.48125324E8
